//組織厚度(cm)
0.050000
// 上層 mua mus 下層 mua mus
// excitation wavelength
350.000000	4.000000	270.000000	6.200000	246.000000
// emission wavelength
370.000000	3.800000	263.000000	5.300000	231.000000
380.000000	3.500000	255.000000	6.400000	227.000000
390.000000	3.300000	248.000000	9.600000	223.000000
400.000000	3.100000	240.000000	14.900000	215.000000
410.000000	3.000000	233.000000	25.600000	212.000000
420.000000	2.800000	228.000000	27.200000	204.000000
430.000000	2.700000	225.000000	16.000000	200.000000
440.000000	2.600000	221.000000	7.700000	196.000000
450.000000	2.500000	218.000000	5.000000	192.000000
460.000000	2.300000	215.000000	3.400000	188.000000
470.000000	2.000000	210.000000	2.700000	185.000000
480.000000	1.900000	206.000000	2.200000	181.000000
490.000000	1.800000	203.000000	2.100000	177.000000
500.000000	1.700000	195.000000	1.900000	169.000000
510.000000	1.500000	188.000000	1.800000	162.000000
520.000000	1.400000	180.000000	2.100000	159.000000
530.000000	1.300000	173.000000	2.900000	158.000000
// quantum yield of NADH & collagen
1.000000	1.000000
// mua of NADH & collagen at excitation wavelength
2.000000	3.000000
// probability of emission at a particular wavelength (NADH & collagen)
370.000000	0.000000	0.110000
380.000000	0.010000	0.120000
390.000000	0.010000	0.120000
400.000000	0.010000	0.120000
410.000000	0.040000	0.110000
420.000000	0.060000	0.080000
430.000000	0.080000	0.070000
440.000000	0.090000	0.050000
450.000000	0.100000	0.050000
460.000000	0.100000	0.040000
470.000000	0.100000	0.030000
480.000000	0.090000	0.030000
490.000000	0.080000	0.020000
500.000000	0.070000	0.020000
510.000000	0.070000	0.010000
520.000000	0.050000	0.010000
530.000000	0.040000	0.010000
